H	Web_Pyua		ORDERS					100000686	20141213						2000527								EUR										0										24		OS via pyua_de		0,0000	11			0
ANL	 Ralph Weyer			Bremer Straﬂe 4		DE	91126	Schwabach	ralphweyer@googlemail.com																1
ANR	 Ralph Weyer			Bremer Straﬂe 4		DE	91126	Schwabach	ralphweyer@googlemail.com																1
P			ORDERS								20141213	20141213											EUR	1	4250804720536			1		71,43	85,0017									120															85,0017
P			ORDERS								20141213	20141213											EUR	2	4250804723681			1		29,37	13,98012									120															13,98012
P			ORDERS								20141213	20141213											EUR	3	4250804719295			1		50,38	23,98088									120															23,98088
P			ORDERS								20141213	20141213											EUR	4	4250804719387			1		50,37	23,97612									120															23,97612
P			ORDERS								20141213	20141213											EUR	5	4250804721113			1		33,58	15,98408									120															15,98408
P			ORDERS								20141213	20141213											EUR	6	4250804719967			1		109,2	51,9792									120															51,9792
P			ORDERS								20141213	20141213											EUR	7	4250804718380			1		109,2	51,9792									120															51,9792
P			ORDERS								20141213	20141213											EUR	8	4250494020817			1		24,37	29,0003									120															29,0003
P			ORDERS								20141213	20141213											EUR	9	4250494020466			1		24,37	11,60012									120															11,60012
