H	Web_Pyua		ORDERS					100000801	20150103						2000045								EUR										0										24		OS via pyua_de		0,0000	11			0
ANL	 Susanne Kurdum			Schulstr. 1		DE	88142	Wasserburg	suse.lipp@gmail.com	0179 7653169															1
ANR	 Susanne Kurdum			Schulstr. 1		DE	88142	Wasserburg	suse.lipp@gmail.com	0179 7653169															1
P			ORDERS								20150103	20150103											EUR	1	4250804719080			1		75,59	44,97605									120															44,97605
P			ORDERS								20150103	20150103											EUR	2	4250804716447			1		193,23	114,97185									120															114,97185
P			ORDERS								20150103	20150103											EUR	3	4250804721120			1		29,37	17,47515									120															17,47515
P			ORDERS								20150103	20150103											EUR	4	4250494022095			1		29,37	17,47515									120															17,47515
P			ORDERS								20150103	20150103											EUR	5	4250494021487			1		24,37	14,50015									120															14,50015
P			ORDERS								20150103	20150103											EUR	6	4250494021418			1		24,37	14,50015									120															14,50015
P			ORDERS								20150103	20150103											EUR	7	4250494021401			1		24,37	14,50015									120															14,50015
P			ORDERS								20150103	20150103											EUR	8	4250494021470			1		24,37	14,50015									120															14,50015
P			ORDERS								20150103	20150103											EUR	9	4250804718199			1		100,8	59,976									120															59,976
