H	Web_Pyua		ORDERS					100000311	20141113						2000224								EUR										0										23		OS via pyua_de		0,0000	26			0
ANL	 Geri Kobelt			Ägeristrasse 64a		DE	6300	Zug	geko@webfabrik.ch	0041 41 711 43 04															4
ANR	 Geri Kobelt			Ägeristrasse 64a		DE	6300	Zug	geko@webfabrik.ch	0041 41 711 43 04															4
P			ORDERS								20141113	20141113											EUR	1	4250804713774			1		420,13	168,052									120															168,052
P			ORDERS								20141113	20141113											EUR	2	4250804719639			1		50,38	20,152									120															20,152
P			ORDERS								20141113	20141113											EUR	3	4250804718175			1		100,8	40,32									120															40,32
P			ORDERS								20141113	20141113											EUR	4	4250804717215			1		210,04	84,016									120															84,016
P			ORDERS								20141113	20141113											EUR	5	4250804723674			1		29,37	11,748									120															11,748
P			ORDERS								20141113	20141113											EUR	6	4250804719165			1		58,78	23,512									120															23,512
P			ORDERS								20141113	20141113											EUR	7	4250804718564			1		75,59	30,236									120															30,236
