H	Web_Pyua		ORDERS					100000334	20141115						2000243								EUR										0										23		OS via pyua_de		0,0000	11			0
ANL	 Raphael Kammer			Alstertwiete 9		DE	20099	Hamburg	mail@raphaelkammer.de	015115775176															1
ANR	 Raphael Kammer			Alstertwiete 9		DE	20099	Hamburg	mail@raphaelkammer.de	015115775176															1
P			ORDERS								20141115	20141115											EUR	1	4250804713613			1		462,14	219,97864									120															219,97864
P			ORDERS								20141115	20141115											EUR	2	4250804713279			1		420,13	199,98188									120															199,98188
P			ORDERS								20141115	20141115											EUR	3	4250804713477			1		462,14	219,97864									120															219,97864
P			ORDERS								20141115	20141115											EUR	4	4250804717321			1		193,24	91,98224									120															91,98224
P			ORDERS								20141115	20141115											EUR	5	4250804719172			1		58,78	27,97928									120															27,97928
P			ORDERS								20141115	20141115											EUR	6	4250804719370			1		50,38	23,98088									120															23,98088
P			ORDERS								20141115	20141115											EUR	7	4250804721083			1		37,77	17,97852									120															17,97852
P			ORDERS								20141115	20141115											EUR	8	4250804719417			1		58,78	27,97928									120															27,97928
P			ORDERS								20141115	20141115											EUR	9	4250804719615			1		50,38	23,98088									120															23,98088
