H	Web_Pyua		ORDERS					100000269	20141112						2000190								EUR										0										23		OS via pyua_de		0,0000	11			0
ANL	 Dieter Müller			Zwierenstr.11		DE	73337	Unterböhringen	dide.mueller@gmx.de																1
ANR	 Dieter Müller			Zwierenstr.11		DE	73337	Unterböhringen	dide.mueller@gmx.de																1
P			ORDERS								20141112	20141112											EUR	1	4250494010368			1		29,41	13,99916									120															13,99916
P			ORDERS								20141112	20141112											EUR	2	4250494020787			1		29,41	13,99916									120															13,99916
P			ORDERS								20141112	20141112											EUR	3	4250494020794			1		29,42	14,00392									120															14,00392
P			ORDERS								20141112	20141112											EUR	4	4250494019910			1		21	9,996									120															9,996
P			ORDERS								20141112	20141112											EUR	5	4250494019927			1		21,01	10,00076									120															10,00076
P			ORDERS								20141112	20141112											EUR	6	4250494010160			1		21,01	10,00076									120															10,00076
P			ORDERS								20141112	20141112											EUR	7	4250494010177			1		21,01	10,00076									120															10,00076
P			ORDERS								20141112	20141112											EUR	8	4250494021135			1		21,01	10,00076									120															10,00076
P			ORDERS								20141112	20141112											EUR	9	4250494021142			1		21,01	10,00076									120															10,00076
