H	Web_Pyua		ORDERS					100000343	20141115						2000252								EUR										0										23		OS via pyua_de		0,0000	11			0
ANL	 Hans-Hermann Riese			Saarbrückenstr. 54		DE	24114	Kiel	hhriese@web.de																1
ANR	 Hans-Hermann Riese			Saarbrückenstr. 54		DE	24114	Kiel	hhriese@web.de																1
P			ORDERS								20141115	20141115											EUR	1	4250494020466			1		37,73	17,95948									120															17,95948
P			ORDERS								20141115	20141115											EUR	2	4250804719387			1		50,38	23,98088									120															23,98088
P			ORDERS								20141115	20141115											EUR	3	4250804719868			1		50,38	23,98088									120															23,98088
P			ORDERS								20141115	20141115											EUR	4	4250494020510			1		37,73	17,95948									120															17,95948
P			ORDERS								20141115	20141115											EUR	5	4250804715839			1		29,37	13,98012									120															13,98012
P			ORDERS								20141115	20141115											EUR	6	4250804720239			1		142,81	67,97756									120															67,97756
P			ORDERS								20141115	20141115											EUR	7	4250804721168			1		336,1	159,9836									120															159,9836
P			ORDERS								20141115	20141115											EUR	8	4250804721113			2		33,57	15,97932									120															15,97932
P			ORDERS								20141115	20141115											EUR	9	4250804716386			1		252,06	119,98056									120															119,98056
