H	Web_Pyua		ORDERS					100000763	20141224						2000588								EUR										0										23		OS via pyua_de		0,0000	11			0
ANL	 Vanessa Krauss			Hirtenleite 8		DE	90587	Veitsbronn	vanessakrauss@gmx.de																1
ANR	 Vanessa Krauss			Hirtenleite 8		DE	90587	Veitsbronn	vanessakrauss@gmx.de																1
P			ORDERS								20141224	20141224											EUR	1	4250804713613			1		462,14	329,96796									120															329,96796
P			ORDERS								20141224	20141224											EUR	2	4250804721045			1		142,82	101,97348									120															101,97348
P			ORDERS								20141224	20141224											EUR	3	4250804718960			1		54,62	64,9978									120															64,9978
P			ORDERS								20141224	20141224											EUR	4	4250804719516			1		50,38	35,97132									120															35,97132
P			ORDERS								20141224	20141224											EUR	5	4250804719615			1		50,38	35,97132									120															35,97132
P			ORDERS								20141224	20141224											EUR	6	4250804714719			1		294,07	209,96598									120															209,96598
P			ORDERS								20141224	20141224											EUR	7	4250804713774			1		420,13	299,97282									120															299,97282
P			ORDERS								20141224	20141224											EUR	8	4250804704352			1		83,99	59,96886									120															59,96886
P			ORDERS								20141224	20141224											EUR	9	4250804721113			1		33,57	23,96898									120															23,96898
