H	Web_Pyua		ORDERS					100000702	20141214						2000539								EUR										0										23		OS via pyua_de		0,0000	11			0
ANL	 Michael Musculus			Crusiustr 3		DE	87700	Memmingen	mickey@musculus.net	+49 8331 764077															1
ANR	 Michael Musculus			Crusiustr 3		DE	87700	Memmingen	mickey@musculus.net	+49 8331 764077															1
P			ORDERS								20141214	20141214											EUR	1	4250804714023			1		231,09	274,9971									120															274,9971
P			ORDERS								20141214	20141214											EUR	2	4250804714320			1		147,06	175,0014									120															175,0014
P			ORDERS								20141214	20141214											EUR	3	4250804720574			1		71,43	85,0017									120															85,0017
P			ORDERS								20141214	20141214											EUR	4	4250804719288			2		50,38	59,9522									120															59,9522
P			ORDERS								20141214	20141214											EUR	5	4250804719363			2		50,38	59,9522									120															59,9522
P			ORDERS								20141214	20141214											EUR	6	4250804713316			1		420,13	499,9547									120															499,9547
P			ORDERS								20141214	20141214											EUR	7	4250804713460			1		462,14	549,9466									120															549,9466
P			ORDERS								20141214	20141214											EUR	8	4250804717369			1		193,24	229,9556									120															229,9556
P			ORDERS								20141214	20141214											EUR	9	4250804719943			1		109,2	129,948									120															129,948
