H	Web_Pyua		ORDERS					100000275	20141112						2000187								EUR										0										24		OS via pyua_de		0,0000	11			0
ANL	 Ole Bischoff			Föhrer Weg 35		DE	24107	Kiel	olebischoff@gmail.com																1
ANR	 Ole Bischoff			Föhrer Weg 35		DE	24107	Kiel	olebischoff@gmail.com																1
P			ORDERS								20141112	20141112											EUR	1	4250804719165			1		58,78	27,97928									120															27,97928
P			ORDERS								20141112	20141112											EUR	2	4250804719363			1		50,38	23,98088									120															23,98088
P			ORDERS								20141112	20141112											EUR	3	4250804719271			1		50,38	23,98088									120															23,98088
P			ORDERS								20141112	20141112											EUR	4	4250494020893			1		29,41	13,99916									120															13,99916
P			ORDERS								20141112	20141112											EUR	5	4250494010771			1		29,41	13,99916									120															13,99916
P			ORDERS								20141112	20141112											EUR	6	4250494010078			1		21,01	10,00076									120															10,00076
P			ORDERS								20141112	20141112											EUR	7	4250494021142			1		21,01	10,00076									120															10,00076
P			ORDERS								20141112	20141112											EUR	8	4250494020794			1		29,41	13,99916									120															13,99916
P			ORDERS								20141112	20141112											EUR	9	4250494010320			1		29,41	13,99916									120															13,99916
